1 0.757932 0.537874 0.050920 0.068103
1 0.941637 0.397151 0.030552 0.060459
1 0.994908 0.342599 0.009401 0.037526
1 0.506071 0.215427 0.016451 0.034746
1 0.570897 0.132731 0.010576 0.022238
1 0.419702 0.272759 0.016843 0.035441
1 0.366823 0.261293 0.018410 0.036136
1 0.283980 0.277276 0.019585 0.041696
1 0.147474 0.182766 0.020760 0.034746
1 0.110458 0.192147 0.025069 0.038221
1 0.160987 0.096595 0.014884 0.022238
1 0.199765 0.087908 0.013318 0.024322
1 0.143165 0.081654 0.015276 0.028492
1 0.022327 0.134121 0.030552 0.037526
