1 0.397522 0.371091 0.053108 0.088951
1 0.317860 0.241487 0.036979 0.081306
1 0.472856 0.213690 0.020456 0.042391
1 0.530685 0.321751 0.025177 0.048645
1 0.620771 0.340862 0.022030 0.045170
1 0.703580 0.425295 0.025570 0.069493
1 0.764359 0.409312 0.028324 0.055594
1 0.823958 0.251564 0.020063 0.040306
1 0.942565 0.163308 0.014949 0.026407
1 0.916011 0.164698 0.017703 0.029187
1 0.937844 0.144545 0.014949 0.019458
1 0.527734 0.211953 0.017703 0.037526
1 0.557828 0.220292 0.013375 0.027797
1 0.560582 0.196664 0.013375 0.025017
1 0.164831 0.148714 0.022030 0.026407
