1 0.874310 0.519499 0.044917 0.061281
1 0.872537 0.469708 0.032703 0.045265
1 0.991923 0.325209 0.015366 0.038997
1 0.970843 0.353760 0.022853 0.045961
1 0.825847 0.342618 0.019701 0.041783
1 0.776202 0.208565 0.013396 0.025766
1 0.743105 0.222841 0.013396 0.023677
1 0.746454 0.200557 0.012214 0.022284
1 0.680851 0.242688 0.017336 0.025766
1 0.591017 0.255223 0.023641 0.061978
1 0.598700 0.329735 0.031915 0.059192
1 0.420607 0.187674 0.023247 0.056407
1 0.126675 0.164694 0.028763 0.057799
1 0.144405 0.099582 0.014578 0.029248
1 0.538416 0.196727 0.013790 0.022981
1 0.617218 0.228064 0.019307 0.039694
1 0.630615 0.205780 0.013790 0.022981
1 0.644996 0.183496 0.010244 0.021588
1 0.622537 0.164345 0.008668 0.020891
1 0.631994 0.167131 0.009456 0.016713
