5 0.648749 0.760598 0.120797 0.250869
5 0.890344 0.455525 0.044957 0.093815
5 0.951916 0.569493 0.046130 0.121612
5 0.982017 0.586866 0.035966 0.109104
5 0.915364 0.326616 0.026192 0.044475
5 0.846560 0.291869 0.022283 0.033356
5 0.847537 0.357887 0.031274 0.054204
5 0.776974 0.315497 0.023847 0.041696
5 0.538507 0.254691 0.012119 0.021543
5 0.432565 0.318277 0.023065 0.041696
5 0.234754 0.328700 0.064504 0.140375
5 0.360047 0.285268 0.028147 0.079917
5 0.395426 0.278666 0.016810 0.031967
5 0.660672 0.296039 0.017983 0.030577
5 0.659500 0.269979 0.016419 0.021543
5 0.519937 0.288047 0.014855 0.032662
5 0.532643 0.283878 0.014464 0.031272
5 0.336396 0.296039 0.018374 0.031967
5 0.310399 0.277971 0.013292 0.036136
5 0.320563 0.288742 0.017201 0.031272
