5 0.377848 0.219249 0.047918 0.100764
5 0.258837 0.041001 0.041634 0.082001
5 0.561862 0.258513 0.025530 0.050035
5 0.539277 0.243572 0.011783 0.025712
5 0.421445 0.154621 0.013354 0.020153
5 0.939906 0.487144 0.036135 0.073662
5 0.737628 0.341557 0.021995 0.036831
5 0.947172 0.269632 0.019246 0.040306
5 0.843480 0.415914 0.024745 0.045170
5 0.868421 0.394371 0.028280 0.053509
5 0.674980 0.310980 0.016889 0.035441
5 0.700118 0.251564 0.015318 0.027797
5 0.629811 0.284920 0.015318 0.029187
5 0.605067 0.259208 0.012176 0.026407
5 0.778476 0.206393 0.012569 0.027797
5 0.769049 0.190410 0.014140 0.029187
