0 0.623486 0.353616 0.032435 0.089708
0 0.159828 0.352225 0.039859 0.092490
0 0.178781 0.229138 0.025401 0.046592
0 0.025791 0.270862 0.035170 0.075800
0 0.470301 0.287552 0.025401 0.073018
0 0.491598 0.234006 0.024228 0.054937
0 0.653771 0.210014 0.021102 0.052851
0 0.965025 0.387344 0.051192 0.091794
0 0.881790 0.342837 0.021493 0.022253
0 0.857366 0.340403 0.019539 0.032684
0 0.587925 0.141168 0.011333 0.052851
0 0.491208 0.071627 0.013286 0.033380
0 0.506448 0.074061 0.007034 0.022949
0 0.439429 0.263213 0.013677 0.010431
0 0.437476 0.326843 0.026182 0.013908
0 0.415983 0.078581 0.007425 0.023644
0 0.355663 0.096699 0.009490 0.026499
