5 0.858550 0.537900 0.094563 0.205146
5 0.975571 0.635257 0.048857 0.152295
5 0.846139 0.149513 0.018519 0.037552
5 0.780142 0.177677 0.019701 0.038248
5 0.658786 0.179764 0.014972 0.029903
5 0.589638 0.223227 0.016154 0.036161
5 0.567573 0.207580 0.016154 0.032684
5 0.449567 0.298679 0.023641 0.052156
5 0.634752 0.186718 0.011820 0.032684
5 0.622734 0.179764 0.008274 0.034075
5 0.410559 0.229833 0.017336 0.034075
5 0.045902 0.691933 0.065012 0.126565
5 0.369976 0.190890 0.014184 0.032684
5 0.394208 0.167942 0.013002 0.024339
5 0.396375 0.149166 0.011032 0.021558
5 0.393420 0.126217 0.008274 0.021558
5 0.352443 0.102573 0.007486 0.018776
5 0.329984 0.159597 0.014578 0.031293
5 0.302206 0.126565 0.009456 0.020862
5 0.263002 0.227051 0.020095 0.036857
5 0.239165 0.131433 0.011820 0.023644
5 0.215327 0.162378 0.011426 0.029903
5 0.179472 0.240264 0.023247 0.035466
5 0.237392 0.260431 0.019307 0.041029
5 0.143223 0.165855 0.016154 0.029903
5 0.114460 0.200626 0.016154 0.036857
