3 0.813185 0.433634 0.110720 0.215427
3 0.758803 0.309243 0.048905 0.118138
3 0.709311 0.276233 0.024257 0.084086
3 0.289124 0.388117 0.049296 0.175817
3 0.039906 0.334607 0.079030 0.123002
3 0.404538 0.274496 0.025039 0.102849
3 0.419797 0.242182 0.032081 0.066018
3 0.471635 0.259903 0.036385 0.077832
3 0.560250 0.216817 0.025822 0.045865
3 0.723200 0.225851 0.021518 0.050035
3 0.662950 0.206741 0.016041 0.054899
3 0.810446 0.214385 0.014476 0.041001
3 0.831182 0.212300 0.016823 0.038221
3 0.914515 0.191800 0.008998 0.016678
3 0.945031 0.201529 0.016823 0.031967
3 0.790689 0.203266 0.020344 0.039611
