1 0.648786 0.620917 0.033673 0.054899
1 0.688332 0.688325 0.013312 0.007644
1 0.697729 0.730021 0.038371 0.063238
1 0.702428 0.858930 0.037588 0.107019
1 0.917384 0.395066 0.019577 0.032662
1 0.970243 0.381862 0.021143 0.035441
1 0.931676 0.361015 0.019186 0.027102
1 0.816758 0.370396 0.016445 0.026407
1 0.791308 0.365184 0.016445 0.027102
1 0.742561 0.367964 0.014487 0.029882
1 0.770948 0.290479 0.010180 0.022238
1 0.690877 0.300208 0.010572 0.020848
1 0.654072 0.362057 0.016836 0.029187
1 0.635670 0.319666 0.011355 0.023628
1 0.610023 0.261640 0.007831 0.018763
1 0.481793 0.223767 0.009789 0.015288
1 0.270360 0.247741 0.013704 0.024322
1 0.248825 0.225156 0.015270 0.029187
1 0.226312 0.215775 0.013312 0.024322
1 0.206147 0.202919 0.014487 0.027797
1 0.192052 0.190410 0.012921 0.022238
1 0.174236 0.189020 0.011746 0.020848
1 0.145067 0.167477 0.014487 0.022238
1 0.499217 0.258513 0.014096 0.029187
1 0.513117 0.267199 0.012138 0.022933
1 0.519577 0.250869 0.010963 0.020848
1 0.541112 0.242182 0.007831 0.017373
1 0.549726 0.276581 0.010180 0.019458
1 0.579875 0.291174 0.007831 0.018068
1 0.582811 0.277971 0.009789 0.019458
1 0.493540 0.216817 0.008222 0.018068
1 0.290329 0.231758 0.012921 0.024322
1 0.280149 0.227241 0.009789 0.023628
1 0.401723 0.264767 0.018011 0.029187
