5 0.839356 0.812717 0.032207 0.064628
5 0.875295 0.454830 0.017675 0.034051
5 0.806167 0.641418 0.023959 0.041696
5 0.716614 0.749479 0.028672 0.050730
5 0.619207 0.605976 0.018460 0.040306
5 0.332875 0.447880 0.023174 0.047950
5 0.735860 0.554204 0.018460 0.032662
5 0.697565 0.448575 0.012569 0.027102
5 0.640220 0.427728 0.010998 0.022933
5 0.705617 0.394371 0.012962 0.022933
5 0.814218 0.351633 0.014925 0.023628
5 0.400825 0.321751 0.012962 0.029187
5 0.352514 0.259555 0.015318 0.024322
5 0.496269 0.379083 0.010605 0.022933
5 0.491359 0.601112 0.023566 0.041696
