3 0.472830 0.301113 0.041048 0.129346
3 0.562353 0.184631 0.031665 0.068846
3 0.466575 0.212448 0.029320 0.052156
3 0.430219 0.205494 0.024629 0.054937
3 0.369820 0.199235 0.024238 0.056328
3 0.244722 0.247218 0.053167 0.084145
3 0.044762 0.421071 0.089523 0.118915
3 0.109656 0.240612 0.028538 0.083449
3 0.173769 0.220793 0.032447 0.071627
3 0.243159 0.191933 0.019547 0.033380
3 0.259578 0.185327 0.019547 0.046592
3 0.329945 0.178025 0.017201 0.043115
3 0.301407 0.207580 0.039093 0.075800
3 0.393081 0.178373 0.018374 0.038248
3 0.404418 0.188108 0.021501 0.036857
3 0.714034 0.254172 0.034793 0.039638
