5 0.141450 0.537900 0.094563 0.205146
5 0.024429 0.635257 0.048857 0.152295
5 0.153861 0.149513 0.018519 0.037552
5 0.219858 0.177677 0.019701 0.038248
5 0.341214 0.179764 0.014972 0.029903
5 0.410362 0.223227 0.016154 0.036161
5 0.432427 0.207580 0.016154 0.032684
5 0.550433 0.298679 0.023641 0.052156
5 0.365248 0.186718 0.011820 0.032684
5 0.377266 0.179764 0.008274 0.034075
5 0.589441 0.229833 0.017336 0.034075
5 0.954098 0.691933 0.065012 0.126565
5 0.630024 0.190890 0.014184 0.032684
5 0.605792 0.167942 0.013002 0.024339
5 0.603625 0.149166 0.011032 0.021558
5 0.606580 0.126217 0.008274 0.021558
5 0.647557 0.102573 0.007486 0.018776
5 0.670016 0.159597 0.014578 0.031293
5 0.697794 0.126565 0.009456 0.020862
5 0.736998 0.227051 0.020095 0.036857
5 0.760835 0.131433 0.011820 0.023644
5 0.784673 0.162378 0.011426 0.029903
5 0.820528 0.240264 0.023247 0.035466
5 0.762608 0.260431 0.019307 0.041029
5 0.856777 0.165855 0.016154 0.029903
5 0.885540 0.200626 0.016154 0.036857
