5 0.149448 0.420320 0.018139 0.033403
5 0.011041 0.734168 0.022082 0.057063
5 0.213920 0.462770 0.018533 0.040362
5 0.286672 0.399443 0.017350 0.032011
5 0.565852 0.672582 0.029968 0.050800
5 0.864748 0.910578 0.044164 0.093946
5 0.689274 0.546277 0.020505 0.045929
5 0.796333 0.502088 0.022476 0.043841
5 0.958202 0.423452 0.022082 0.039666
5 0.818218 0.391788 0.017350 0.029228
5 0.826696 0.341684 0.014590 0.029228
5 0.861790 0.268615 0.015379 0.026444
5 0.785292 0.259916 0.013801 0.025748
5 0.787263 0.351079 0.012224 0.027140
5 0.796924 0.361517 0.014196 0.025748
5 0.674093 0.323243 0.016956 0.021573
5 0.554811 0.257133 0.011830 0.018789
5 0.514393 0.346903 0.012224 0.018789
5 0.517350 0.334029 0.012618 0.012526
5 0.586554 0.311761 0.011435 0.019485
5 0.592271 0.299930 0.009464 0.020877
5 0.575315 0.200765 0.009464 0.014614
5 0.474172 0.236604 0.008281 0.018093
