3 0.227736 0.367269 0.077285 0.156359
3 0.585720 0.575052 0.096508 0.318972
3 0.683798 0.337387 0.054139 0.132731
3 0.956846 0.316887 0.055708 0.126477
3 0.934092 0.301946 0.019616 0.049340
3 0.624166 0.307505 0.065908 0.107714
3 0.577874 0.261987 0.041585 0.090341
3 0.526677 0.245657 0.026285 0.066018
3 0.481954 0.248784 0.026285 0.069493
3 0.406434 0.252606 0.035308 0.091035
3 0.388584 0.220987 0.019223 0.055594
3 0.146332 0.322446 0.053354 0.115358
3 0.096901 0.313065 0.065908 0.103544
3 0.217144 0.219597 0.026285 0.066713
3 0.188898 0.211258 0.025500 0.045865
3 0.051197 0.192842 0.038839 0.084086
3 0.030993 0.172342 0.040016 0.062543
