3 0.171820 0.213343 0.021135 0.093120
3 0.266536 0.221334 0.036791 0.082696
3 0.185910 0.428423 0.063405 0.200834
3 0.279256 0.406880 0.051272 0.170257
3 0.371233 0.441974 0.082583 0.219597
3 0.439726 0.262335 0.020744 0.063238
3 0.398630 0.053162 0.021526 0.059069
3 0.525049 0.338082 0.055969 0.088256
3 0.633855 0.346769 0.030137 0.070883
3 0.695499 0.398888 0.059491 0.150104
3 0.709198 0.336692 0.026614 0.054899
3 0.871624 0.428423 0.108023 0.193885
3 0.834442 0.378040 0.061057 0.102849
3 0.818787 0.334955 0.032094 0.050035
