0 0.187500 0.740295 0.171875 0.372155
0 0.269922 0.486613 0.071094 0.164659
0 0.628125 0.568942 0.087500 0.227577
0 0.636719 0.338019 0.045313 0.121821
0 0.410156 0.303213 0.043750 0.033467
0 0.181250 0.202811 0.032812 0.014726
0 0.645703 0.234270 0.025781 0.010710
0 0.642188 0.278447 0.031250 0.058902
0 0.684375 0.238956 0.018750 0.020080
0 0.683203 0.269746 0.021094 0.025435
0 0.595703 0.273762 0.022656 0.038822
0 0.523438 0.206827 0.015625 0.036145
0 0.545312 0.180723 0.012500 0.034806
0 0.788281 0.144578 0.012500 0.037483
0 0.529297 0.425033 0.049219 0.092369
0 0.951563 0.722222 0.095313 0.370817
