3 0.764521 0.606324 0.043956 0.100764
3 0.429160 0.809937 0.070251 0.174427
3 0.882849 0.398541 0.027080 0.067408
3 0.770801 0.420083 0.025118 0.078527
3 0.705848 0.454830 0.035714 0.072967
3 0.549451 0.501737 0.049451 0.080612
3 0.498823 0.346769 0.031397 0.058374
3 0.421507 0.453092 0.034537 0.073662
3 0.586931 0.361362 0.019231 0.055594
3 0.617936 0.337387 0.024725 0.039611
3 0.731358 0.353023 0.033359 0.052814
3 0.831044 0.360320 0.035714 0.054899
3 0.794349 0.327658 0.027473 0.042391
3 0.786892 0.296386 0.021193 0.029882
3 0.730181 0.285962 0.020801 0.035441
3 0.689953 0.308895 0.018838 0.039611
3 0.665424 0.271369 0.014521 0.031272
3 0.644427 0.275191 0.019623 0.031967
3 0.644623 0.297081 0.020016 0.034051
3 0.652865 0.322446 0.024725 0.040306
