0 0.170039 0.360590 0.027237 0.010724
0 0.173930 0.403485 0.039689 0.067024
0 0.356809 0.326408 0.027237 0.012064
0 0.360700 0.371314 0.024125 0.064343
0 0.410117 0.345174 0.028016 0.081769
0 0.487938 0.353887 0.028016 0.010724
0 0.484047 0.382708 0.028016 0.030831
0 0.485603 0.425603 0.034241 0.028150
0 0.563035 0.325737 0.027237 0.016086
0 0.556031 0.371314 0.035019 0.069705
0 0.627626 0.289544 0.028794 0.013405
0 0.622179 0.333780 0.027237 0.061662
0 0.842802 0.205094 0.026459 0.013405
0 0.829183 0.262064 0.041245 0.076408
0 0.436576 0.272118 0.017121 0.053619
0 0.403502 0.298928 0.014786 0.037534
0 0.071206 0.380697 0.075486 0.128686
