2 0.873727 0.416609 0.020752 0.046560
2 0.976703 0.435024 0.033281 0.044475
2 0.633712 0.773801 0.042678 0.088256
2 0.521926 0.609451 0.048551 0.061154
2 0.304620 0.921821 0.063430 0.089646
2 0.849256 0.922516 0.056382 0.089646
2 0.756069 0.499305 0.039154 0.052120
2 0.697925 0.438846 0.017619 0.038221
2 0.710650 0.404448 0.014879 0.030577
2 0.686179 0.354413 0.012921 0.034746
2 0.304229 0.362752 0.029757 0.043085
2 0.410337 0.475330 0.034456 0.044475
2 0.184417 0.355803 0.021143 0.040306
2 0.261355 0.367964 0.026233 0.032662
2 0.215936 0.439889 0.021535 0.040306
2 0.121574 0.397498 0.030932 0.030577
2 0.157987 0.418694 0.032498 0.027102
2 0.120987 0.527102 0.027408 0.045170
