0 0.765051 0.724436 0.046130 0.083665
0 0.720094 0.539177 0.026583 0.053121
0 0.591087 0.556441 0.026583 0.069057
0 0.566849 0.533201 0.028147 0.073041
0 0.631744 0.403718 0.018765 0.045153
0 0.596169 0.383134 0.019547 0.041169
0 0.819781 0.447543 0.028929 0.050465
0 0.980844 0.577689 0.036747 0.058433
0 0.586787 0.316733 0.016419 0.041169
0 0.544957 0.205843 0.010946 0.037185
0 0.413604 0.405710 0.018765 0.049137
0 0.424550 0.292829 0.017201 0.035857
0 0.428069 0.221780 0.011728 0.034529
0 0.343628 0.278220 0.013292 0.033201
0 0.293198 0.227092 0.014073 0.037185
