3 0.186815 0.433634 0.110720 0.215427
3 0.241197 0.309243 0.048905 0.118138
3 0.290689 0.276233 0.024257 0.084086
3 0.710876 0.388117 0.049296 0.175817
3 0.960094 0.334607 0.079030 0.123002
3 0.595462 0.274496 0.025039 0.102849
3 0.580203 0.242182 0.032081 0.066018
3 0.528365 0.259903 0.036385 0.077832
3 0.439750 0.216817 0.025822 0.045865
3 0.276800 0.225851 0.021518 0.050035
3 0.337050 0.206741 0.016041 0.054899
3 0.189554 0.214385 0.014476 0.041001
3 0.168818 0.212300 0.016823 0.038221
3 0.085485 0.191800 0.008998 0.016678
3 0.054969 0.201529 0.016823 0.031967
3 0.209311 0.203266 0.020344 0.039611
