5 0.351214 0.620917 0.033673 0.054899
5 0.311668 0.688325 0.013312 0.007644
5 0.302271 0.730021 0.038371 0.063238
5 0.297572 0.858930 0.037588 0.107019
5 0.082616 0.395066 0.019577 0.032662
5 0.029757 0.381862 0.021143 0.035441
5 0.068324 0.361015 0.019186 0.027102
5 0.183242 0.370396 0.016445 0.026407
5 0.208692 0.365184 0.016445 0.027102
5 0.257439 0.367964 0.014487 0.029882
5 0.229052 0.290479 0.010180 0.022238
5 0.309123 0.300208 0.010572 0.020848
5 0.345928 0.362057 0.016836 0.029187
5 0.364330 0.319666 0.011355 0.023628
5 0.389977 0.261640 0.007831 0.018763
5 0.518207 0.223767 0.009789 0.015288
5 0.729640 0.247741 0.013704 0.024322
5 0.751175 0.225156 0.015270 0.029187
5 0.773688 0.215775 0.013312 0.024322
5 0.793853 0.202919 0.014487 0.027797
5 0.807948 0.190410 0.012921 0.022238
5 0.825764 0.189020 0.011746 0.020848
5 0.854933 0.167477 0.014487 0.022238
5 0.500783 0.258513 0.014096 0.029187
5 0.486883 0.267199 0.012138 0.022933
5 0.480423 0.250869 0.010963 0.020848
5 0.458888 0.242182 0.007831 0.017373
5 0.450274 0.276581 0.010180 0.019458
5 0.420125 0.291174 0.007831 0.018068
5 0.417189 0.277971 0.009789 0.019458
5 0.506460 0.216817 0.008222 0.018068
5 0.709671 0.231758 0.012921 0.024322
5 0.719851 0.227241 0.009789 0.023628
5 0.598277 0.264767 0.018011 0.029187
