5 0.576531 0.305633 0.031397 0.075800
5 0.600667 0.231919 0.022370 0.057719
5 0.563776 0.212100 0.022370 0.051460
5 0.547684 0.199583 0.021586 0.047288
5 0.481358 0.098053 0.016876 0.040334
5 0.347920 0.117177 0.026295 0.041029
5 0.077316 0.123088 0.026688 0.051460
5 0.903257 0.202017 0.027865 0.043811
5 0.706240 0.204103 0.023155 0.049374
5 0.689953 0.157858 0.016484 0.036161
5 0.752747 0.182893 0.022763 0.041725
5 0.777080 0.151599 0.018838 0.037552
5 0.873430 0.136648 0.014521 0.028512
5 0.928768 0.126565 0.016091 0.029207
5 0.943093 0.129694 0.013344 0.025730
5 0.805926 0.052156 0.011381 0.029207
