0 0.683079 0.465229 0.054709 0.137691
0 0.948222 0.223922 0.037905 0.089013
0 0.767878 0.057024 0.021102 0.059805
0 0.555881 0.161335 0.017585 0.043115
0 0.441579 0.260431 0.014068 0.042420
0 0.491403 0.324061 0.014459 0.025035
0 0.457210 0.322670 0.014850 0.043115
0 0.448613 0.337969 0.017976 0.043115
0 0.338413 0.345271 0.014850 0.028512
0 0.314185 0.391516 0.011723 0.033380
0 0.329035 0.411335 0.017976 0.042420
0 0.330012 0.382476 0.011333 0.013908
0 0.181907 0.438804 0.023056 0.057024
0 0.207894 0.374131 0.014068 0.033380
0 0.198320 0.352225 0.012896 0.017385
0 0.527550 0.365786 0.045330 0.086231
0 0.525010 0.315369 0.018367 0.015994
