5 0.971591 0.719944 0.056818 0.211258
5 0.735306 0.358235 0.034091 0.079917
5 0.635188 0.300208 0.025078 0.048645
5 0.655368 0.194580 0.016850 0.040306
5 0.598550 0.316887 0.025470 0.051425
5 0.127939 0.343641 0.079545 0.127172
5 0.161834 0.214385 0.055643 0.096595
5 0.142241 0.131341 0.028213 0.055594
5 0.264890 0.196664 0.025862 0.055594
5 0.288989 0.216470 0.016066 0.035441
5 0.384796 0.249479 0.015674 0.036136
5 0.481583 0.256081 0.021160 0.049340
5 0.541732 0.263377 0.018417 0.038916
5 0.503723 0.244267 0.012147 0.027102
5 0.512343 0.242530 0.007445 0.027797
5 0.531740 0.194927 0.010972 0.027102
5 0.428683 0.244614 0.013323 0.029187
5 0.432994 0.211258 0.010188 0.022238
5 0.405564 0.232453 0.011755 0.025712
5 0.418103 0.235233 0.012539 0.025712
5 0.346787 0.209173 0.010188 0.023628
5 0.162813 0.130994 0.012931 0.034051
