1 0.028409 0.719944 0.056818 0.211258
1 0.264694 0.358235 0.034091 0.079917
1 0.364812 0.300208 0.025078 0.048645
1 0.344632 0.194580 0.016850 0.040306
1 0.401450 0.316887 0.025470 0.051425
1 0.872061 0.343641 0.079545 0.127172
1 0.838166 0.214385 0.055643 0.096595
1 0.857759 0.131341 0.028213 0.055594
1 0.735110 0.196664 0.025862 0.055594
1 0.711011 0.216470 0.016066 0.035441
1 0.615204 0.249479 0.015674 0.036136
1 0.518417 0.256081 0.021160 0.049340
1 0.458268 0.263377 0.018417 0.038916
1 0.496277 0.244267 0.012147 0.027102
1 0.487657 0.242530 0.007445 0.027797
1 0.468260 0.194927 0.010972 0.027102
1 0.571317 0.244614 0.013323 0.029187
1 0.567006 0.211258 0.010188 0.022238
1 0.594436 0.232453 0.011755 0.025712
1 0.581897 0.235233 0.012539 0.025712
1 0.653213 0.209173 0.010188 0.023628
1 0.837187 0.130994 0.012931 0.034051
