3 0.235479 0.606324 0.043956 0.100764
3 0.570840 0.809937 0.070251 0.174427
3 0.117151 0.398541 0.027080 0.067408
3 0.229199 0.420083 0.025118 0.078527
3 0.294152 0.454830 0.035714 0.072967
3 0.450549 0.501737 0.049451 0.080612
3 0.501177 0.346769 0.031397 0.058374
3 0.578493 0.453092 0.034537 0.073662
3 0.413069 0.361362 0.019231 0.055594
3 0.382064 0.337387 0.024725 0.039611
3 0.268642 0.353023 0.033359 0.052814
3 0.168956 0.360320 0.035714 0.054899
3 0.205651 0.327658 0.027473 0.042391
3 0.213108 0.296386 0.021193 0.029882
3 0.269819 0.285962 0.020801 0.035441
3 0.310047 0.308895 0.018838 0.039611
3 0.334576 0.271369 0.014521 0.031272
3 0.355573 0.275191 0.019623 0.031967
3 0.355377 0.297081 0.020016 0.034051
3 0.347135 0.322446 0.024725 0.040306
