5 0.125690 0.519499 0.044917 0.061281
5 0.127463 0.469708 0.032703 0.045265
5 0.008077 0.325209 0.015366 0.038997
5 0.029157 0.353760 0.022853 0.045961
5 0.174153 0.342618 0.019701 0.041783
5 0.223798 0.208565 0.013396 0.025766
5 0.256895 0.222841 0.013396 0.023677
5 0.253546 0.200557 0.012214 0.022284
5 0.319149 0.242688 0.017336 0.025766
5 0.408983 0.255223 0.023641 0.061978
5 0.401300 0.329735 0.031915 0.059192
5 0.579393 0.187674 0.023247 0.056407
5 0.873325 0.164694 0.028763 0.057799
5 0.855595 0.099582 0.014578 0.029248
5 0.461584 0.196727 0.013790 0.022981
5 0.382782 0.228064 0.019307 0.039694
5 0.369385 0.205780 0.013790 0.022981
5 0.355004 0.183496 0.010244 0.021588
5 0.377463 0.164345 0.008668 0.020891
5 0.368006 0.167131 0.009456 0.016713
