2 0.235997 0.764420 0.198590 0.258513
2 0.144536 0.276928 0.024285 0.036831
2 0.386604 0.336345 0.032902 0.093120
2 0.349785 0.319666 0.043087 0.077832
2 0.344888 0.232106 0.016060 0.041696
2 0.478653 0.222377 0.014101 0.034746
2 0.495495 0.201181 0.017235 0.024322
2 0.561692 0.199097 0.016451 0.025712
2 0.622797 0.209868 0.018018 0.025017
2 0.138465 0.210910 0.021543 0.028492
2 0.227967 0.209173 0.010967 0.022238
2 0.246769 0.212648 0.021152 0.026407
2 0.285155 0.203266 0.009401 0.024322
2 0.313749 0.196664 0.014101 0.022238
2 0.278496 0.251911 0.032119 0.038221
2 0.279671 0.226199 0.011751 0.014593
2 0.265962 0.227936 0.011751 0.015288
2 0.403251 0.267199 0.046612 0.054899
2 0.376224 0.279708 0.017626 0.046560
2 0.046220 0.211605 0.025069 0.025712
2 0.586369 0.200139 0.014101 0.030577
