1 0.351251 0.760598 0.120797 0.250869
1 0.109656 0.455525 0.044957 0.093815
1 0.048084 0.569493 0.046130 0.121612
1 0.017983 0.586866 0.035966 0.109104
1 0.084636 0.326616 0.026192 0.044475
1 0.153440 0.291869 0.022283 0.033356
1 0.152463 0.357887 0.031274 0.054204
1 0.223026 0.315497 0.023847 0.041696
1 0.461493 0.254691 0.012119 0.021543
1 0.567435 0.318277 0.023065 0.041696
1 0.765246 0.328700 0.064504 0.140375
1 0.639953 0.285268 0.028147 0.079917
1 0.604574 0.278666 0.016810 0.031967
1 0.339328 0.296039 0.017983 0.030577
1 0.340500 0.269979 0.016419 0.021543
1 0.480063 0.288047 0.014855 0.032662
1 0.467357 0.283878 0.014464 0.031272
1 0.663604 0.296039 0.018374 0.031967
1 0.689601 0.277971 0.013292 0.036136
1 0.679437 0.288742 0.017201 0.031272
