3 0.350863 0.550382 0.034537 0.076442
3 0.367151 0.376303 0.016876 0.047950
3 0.404827 0.320014 0.016876 0.035441
3 0.427983 0.337040 0.012166 0.037526
3 0.450942 0.449965 0.027473 0.056289
3 0.524725 0.518763 0.010204 0.021543
3 0.545330 0.495830 0.027080 0.060459
3 0.459576 0.546213 0.021193 0.072272
3 0.642857 0.833565 0.042386 0.127172
3 0.770016 0.733495 0.040031 0.113273
3 0.683477 0.565323 0.038854 0.070188
3 0.652669 0.479152 0.004710 0.017373
3 0.638932 0.468728 0.018838 0.050730
3 0.740973 0.447533 0.029042 0.048645
3 0.591444 0.630299 0.034537 0.084781
3 0.588305 0.572620 0.021978 0.043085
