5 0.830000 0.526755 0.052157 0.077832
5 0.943725 0.375261 0.047451 0.087561
5 0.801765 0.257818 0.026275 0.047255
5 0.723922 0.240792 0.022745 0.042391
5 0.715686 0.199097 0.018824 0.039611
5 0.693922 0.255038 0.023137 0.040306
5 0.578039 0.325921 0.021961 0.047255
5 0.585882 0.283530 0.016471 0.037526
5 0.477451 0.264767 0.013725 0.029187
5 0.439608 0.280403 0.015686 0.029882
5 0.410196 0.291522 0.025098 0.045170
5 0.281961 0.266505 0.038431 0.077137
5 0.279020 0.210215 0.016078 0.035441
5 0.294902 0.223419 0.012549 0.020153
5 0.227059 0.178944 0.015686 0.028492
5 0.176078 0.172689 0.027451 0.043780
5 0.164510 0.153231 0.016078 0.032662
