0 0.254982 0.528492 0.097304 0.220292
0 0.637163 0.933634 0.054318 0.067408
0 0.758890 0.891939 0.049238 0.110493
0 0.862446 0.775539 0.039859 0.076442
0 0.935522 0.545170 0.025791 0.053509
0 0.819070 0.597985 0.024228 0.057679
0 0.709261 0.582001 0.025010 0.057679
0 0.669793 0.551077 0.020320 0.065323
0 0.688159 0.352675 0.012505 0.032662
0 0.599844 0.356150 0.012505 0.034051
0 0.584603 0.343989 0.009379 0.027797
0 0.575811 0.396456 0.018367 0.041001
0 0.602579 0.434329 0.016413 0.047255
0 0.621336 0.467686 0.017976 0.052814
0 0.644392 0.469771 0.016413 0.038916
0 0.659242 0.510424 0.025010 0.047950
