1 0.170000 0.526755 0.052157 0.077832
1 0.056275 0.375261 0.047451 0.087561
1 0.198235 0.257818 0.026275 0.047255
1 0.276078 0.240792 0.022745 0.042391
1 0.284314 0.199097 0.018824 0.039611
1 0.306078 0.255038 0.023137 0.040306
1 0.421961 0.325921 0.021961 0.047255
1 0.414118 0.283530 0.016471 0.037526
1 0.522549 0.264767 0.013725 0.029187
1 0.560392 0.280403 0.015686 0.029882
1 0.589804 0.291522 0.025098 0.045170
1 0.718039 0.266505 0.038431 0.077137
1 0.720980 0.210215 0.016078 0.035441
1 0.705098 0.223419 0.012549 0.020153
1 0.772941 0.178944 0.015686 0.028492
1 0.823922 0.172689 0.027451 0.043780
1 0.835490 0.153231 0.016078 0.032662
