3 0.837402 0.432940 0.096063 0.173732
3 0.855512 0.105629 0.038583 0.084781
3 0.636811 0.175122 0.047638 0.097290
3 0.678543 0.417304 0.081496 0.134121
3 0.576969 0.378040 0.038976 0.127867
3 0.527559 0.341904 0.012598 0.018068
3 0.535433 0.333218 0.014961 0.013204
3 0.535827 0.436067 0.014173 0.018763
3 0.544882 0.394719 0.034646 0.104239
3 0.025591 0.421473 0.050394 0.124392
3 0.084843 0.410007 0.034252 0.059764
3 0.273228 0.249826 0.022047 0.024322
3 0.254528 0.211953 0.025591 0.048645
3 0.222047 0.179639 0.025197 0.039611
