5 0.160644 0.812717 0.032207 0.064628
5 0.124705 0.454830 0.017675 0.034051
5 0.193833 0.641418 0.023959 0.041696
5 0.283386 0.749479 0.028672 0.050730
5 0.380793 0.605976 0.018460 0.040306
5 0.667125 0.447880 0.023174 0.047950
5 0.264140 0.554204 0.018460 0.032662
5 0.302435 0.448575 0.012569 0.027102
5 0.359780 0.427728 0.010998 0.022933
5 0.294383 0.394371 0.012962 0.022933
5 0.185782 0.351633 0.014925 0.023628
5 0.599175 0.321751 0.012962 0.029187
5 0.647486 0.259555 0.015318 0.024322
5 0.503731 0.379083 0.010605 0.022933
5 0.508641 0.601112 0.023566 0.041696
