3 0.154659 0.360473 0.036022 0.128045
3 0.060689 0.245651 0.051684 0.087683
3 0.265662 0.335073 0.050509 0.086987
3 0.386257 0.326374 0.039546 0.114127
3 0.877056 0.465553 0.104933 0.205985
3 0.948904 0.208072 0.056774 0.107168
3 0.646241 0.423800 0.070086 0.183716
3 0.666406 0.354210 0.032106 0.121086
3 0.692835 0.366040 0.027800 0.108559
3 0.609240 0.286360 0.031323 0.048017
3 0.558927 0.310369 0.045027 0.076548
3 0.527016 0.289492 0.016445 0.052888
3 0.334965 0.289840 0.021535 0.049408
3 0.325959 0.306541 0.030932 0.064718
