1 0.286635 0.563586 0.074639 0.159833
1 0.173114 0.102502 0.033607 0.068798
1 0.258304 0.161223 0.030481 0.063933
1 0.385307 0.222724 0.024228 0.049340
1 0.419500 0.234885 0.019148 0.048645
1 0.430832 0.223419 0.013677 0.036831
1 0.502540 0.249826 0.025791 0.052120
1 0.540250 0.271022 0.023056 0.048645
1 0.575029 0.225851 0.019148 0.037526
1 0.619187 0.186588 0.016803 0.036831
1 0.647909 0.119180 0.014068 0.025712
1 0.321610 0.193190 0.010942 0.019458
1 0.348964 0.184851 0.009379 0.015288
1 0.870066 0.261293 0.042595 0.076442
1 0.678390 0.207088 0.018757 0.040306
1 0.828449 0.177901 0.028918 0.055594
