3 0.649137 0.550382 0.034537 0.076442
3 0.632849 0.376303 0.016876 0.047950
3 0.595173 0.320014 0.016876 0.035441
3 0.572017 0.337040 0.012166 0.037526
3 0.549058 0.449965 0.027473 0.056289
3 0.475275 0.518763 0.010204 0.021543
3 0.454670 0.495830 0.027080 0.060459
3 0.540424 0.546213 0.021193 0.072272
3 0.357143 0.833565 0.042386 0.127172
3 0.229984 0.733495 0.040031 0.113273
3 0.316523 0.565323 0.038854 0.070188
3 0.347331 0.479152 0.004710 0.017373
3 0.361068 0.468728 0.018838 0.050730
3 0.259027 0.447533 0.029042 0.048645
3 0.408556 0.630299 0.034537 0.084781
3 0.411695 0.572620 0.021978 0.043085
